GFA Audit for:age
<<<<<<< HEAD:audit-output-Gaussien/age.audit
audit-output/age.audit.test.repaired_0.0.data:[0.0, {"0": {"0": 26425, "1": 2910}, "1": {"0": 1196, "1": 508}}]
audit-output/age.audit.test.repaired_0.1.data:[0.1, {"0": {"0": 26681, "1": 2654}, "1": {"0": 1226, "1": 478}}]
audit-output/age.audit.test.repaired_0.2.data:[0.2, {"0": {"0": 27258, "1": 2077}, "1": {"0": 1308, "1": 396}}]
audit-output/age.audit.test.repaired_0.3.data:[0.30000000000000004, {"0": {"0": 27796, "1": 1539}, "1": {"0": 1393, "1": 311}}]
audit-output/age.audit.test.repaired_0.4.data:[0.4, {"0": {"0": 27850, "1": 1485}, "1": {"0": 1405, "1": 299}}]
audit-output/age.audit.test.repaired_0.5.data:[0.5, {"0": {"0": 28014, "1": 1321}, "1": {"0": 1438, "1": 266}}]
audit-output/age.audit.test.repaired_0.6.data:[0.6, {"0": {"0": 29099, "1": 236}, "1": {"0": 1659, "1": 45}}]
audit-output/age.audit.test.repaired_0.7.data:[0.7, {"0": {"0": 29173, "1": 162}, "1": {"0": 1671, "1": 33}}]
audit-output/age.audit.test.repaired_0.8.data:[0.7999999999999999, {"0": {"0": 29304, "1": 31}, "1": {"0": 1698, "1": 6}}]
audit-output/age.audit.test.repaired_0.9.data:[0.8999999999999999, {"0": {"0": 29332, "1": 3}, "1": {"0": 1702, "1": 2}}]
audit-output/age.audit.test.repaired_1.0.data:[0.9999999999999999, {"0": {"0": 29335}, "1": {"0": 1704}}]
=======
audit-output/age.audit.test.repaired_0.0.data:[0.0, {"0": {"0": 27687, "1": 1648}, "1": {"0": 1413, "1": 291}}]
audit-output/age.audit.test.repaired_0.1.data:[0.1, {"0": {"0": 27586, "1": 1749}, "1": {"0": 1416, "1": 288}}]
audit-output/age.audit.test.repaired_0.2.data:[0.2, {"0": {"0": 25549, "1": 3786}, "1": {"1": 470, "0": 1234}}]
audit-output/age.audit.test.repaired_0.3.data:[0.30000000000000004, {"0": {"0": 20281, "1": 9054}, "1": {"1": 582, "0": 1122}}]
audit-output/age.audit.test.repaired_0.4.data:[0.4, {"0": {"0": 20298, "1": 9037}, "1": {"1": 574, "0": 1130}}]
audit-output/age.audit.test.repaired_0.5.data:[0.5, {"0": {"0": 23102, "1": 6233}, "1": {"1": 669, "0": 1035}}]
audit-output/age.audit.test.repaired_0.6.data:[0.6, {"0": {"0": 23363, "1": 5972}, "1": {"0": 1270, "1": 434}}]
audit-output/age.audit.test.repaired_0.7.data:[0.7, {"0": {"0": 23142, "1": 6193}, "1": {"0": 1275, "1": 429}}]
audit-output/age.audit.test.repaired_0.8.data:[0.7999999999999999, {"0": {"0": 15649, "1": 13686}, "1": {"1": 948, "0": 756}}]
audit-output/age.audit.test.repaired_0.9.data:[0.8999999999999999, {"0": {"1": 28209, "0": 1126}, "1": {"1": 1629, "0": 75}}]
audit-output/age.audit.test.repaired_1.0.data:[0.9999999999999999, {"0": {"1": 29335}, "1": {"1": 1704}}]
>>>>>>> 009491f (update rapport):audit-output/age.audit
