GFA Audit for:pieton
<<<<<<< HEAD:audit-output-Gaussien/pieton.audit
audit-output/pieton.audit.test.repaired_0.0.data:[0.0, {"0": {"0": 26425, "1": 2910}, "1": {"0": 1196, "1": 508}}]
audit-output/pieton.audit.test.repaired_0.1.data:[0.1, {"0": {"0": 26429, "1": 2906}, "1": {"0": 1197, "1": 507}}]
audit-output/pieton.audit.test.repaired_0.2.data:[0.2, {"0": {"0": 26426, "1": 2909}, "1": {"0": 1197, "1": 507}}]
audit-output/pieton.audit.test.repaired_0.3.data:[0.30000000000000004, {"0": {"0": 26494, "1": 2841}, "1": {"0": 1210, "1": 494}}]
audit-output/pieton.audit.test.repaired_0.4.data:[0.4, {"0": {"0": 26492, "1": 2843}, "1": {"0": 1211, "1": 493}}]
audit-output/pieton.audit.test.repaired_0.5.data:[0.5, {"0": {"0": 26499, "1": 2836}, "1": {"0": 1212, "1": 492}}]
audit-output/pieton.audit.test.repaired_0.6.data:[0.6, {"0": {"0": 26444, "1": 2891}, "1": {"0": 1204, "1": 500}}]
audit-output/pieton.audit.test.repaired_0.7.data:[0.7, {"0": {"0": 26483, "1": 2852}, "1": {"0": 1206, "1": 498}}]
audit-output/pieton.audit.test.repaired_0.8.data:[0.7999999999999999, {"0": {"0": 26534, "1": 2801}, "1": {"0": 1212, "1": 492}}]
audit-output/pieton.audit.test.repaired_0.9.data:[0.8999999999999999, {"0": {"0": 26577, "1": 2758}, "1": {"0": 1215, "1": 489}}]
audit-output/pieton.audit.test.repaired_1.0.data:[0.9999999999999999, {"0": {"0": 26625, "1": 2710}, "1": {"0": 1216, "1": 488}}]
=======
audit-output/pieton.audit.test.repaired_0.0.data:[0.0, {"0": {"0": 27687, "1": 1648}, "1": {"0": 1413, "1": 291}}]
audit-output/pieton.audit.test.repaired_0.1.data:[0.1, {"0": {"0": 27674, "1": 1661}, "1": {"0": 1412, "1": 292}}]
audit-output/pieton.audit.test.repaired_0.2.data:[0.2, {"0": {"0": 27674, "1": 1661}, "1": {"0": 1413, "1": 291}}]
audit-output/pieton.audit.test.repaired_0.3.data:[0.30000000000000004, {"0": {"0": 27693, "1": 1642}, "1": {"0": 1414, "1": 290}}]
audit-output/pieton.audit.test.repaired_0.4.data:[0.4, {"0": {"0": 27686, "1": 1649}, "1": {"0": 1413, "1": 291}}]
audit-output/pieton.audit.test.repaired_0.5.data:[0.5, {"0": {"0": 27656, "1": 1679}, "1": {"0": 1409, "1": 295}}]
audit-output/pieton.audit.test.repaired_0.6.data:[0.6, {"0": {"0": 27547, "1": 1788}, "1": {"0": 1424, "1": 280}}]
audit-output/pieton.audit.test.repaired_0.7.data:[0.7, {"0": {"0": 27549, "1": 1786}, "1": {"0": 1426, "1": 278}}]
audit-output/pieton.audit.test.repaired_0.8.data:[0.7999999999999999, {"0": {"0": 27476, "1": 1859}, "1": {"0": 1430, "1": 274}}]
audit-output/pieton.audit.test.repaired_0.9.data:[0.8999999999999999, {"0": {"0": 27479, "1": 1856}, "1": {"0": 1437, "1": 267}}]
audit-output/pieton.audit.test.repaired_1.0.data:[0.9999999999999999, {"0": {"0": 27474, "1": 1861}, "1": {"0": 1435, "1": 269}}]
>>>>>>> 009491f (update rapport):audit-output/pieton.audit
